ENTRY       G00263                      Glycan
NAME        IV2Fuc,III4Fuc-Lc4-Cer;
            Lewis b antigen
COMPOSITION (Gal)1 (GlcNAc)1 (LFuc)2
MASS        675.6
PATHWAY     map05120  Epithelial cell signaling in Helicobacter pylori infection
DBLINKS     CCSD: 609 632 2591 2592 3668 3680 4592 7764 8905 8910 9264 9271 10750 11664 11676 14314 14327 14797 14806 14879 15227 15506 16399 17270 19154 19267 20260 23720 28540 28558 28576 28582 28593 29559 30018 32809 32873 33527 33967 34482 34674 34708 34788 34798 34846 34943 34978 34982 35040 36257 36813 36882 36920 36940 37264 37379 38015 38098 42685 42871 42932 43457 43743 44219 44373 44517 44523 44893 45125 45859 45894 45899 46189 46493 46559 47071 47858 48383 49348 49518 49584 49664 50531 50532
            GlyTouCan: G39211DH
            JCGGDB: JCGG-STR007978
NODE        4
            1   GlcNAc     10     0
            2   LFuc        0     5
            3   Gal         0    -5
            4   LFuc      -10    -5
EDGE        3
            1     2:a1    1:4  
            2     3:b1    1:3  
            3     4:a1    3:2  
///
